6 0.203125 0.815625 0.06875 0.28828125
6 0.56171875 0.796875 0.10859375 0.33984375
6 0.678125 0.81484375 0.16875 0.35546875
6 0.46484375 0.8046875 0.06953125 0.31484375
6 0.36953125 0.790625 0.07890625 0.28828125
6 0.275 0.809375 0.075 0.28828125
3 0.2234375 0.6921875 0.06171875 0.48046875
3 0.3078125 0.66328125 0.078125 0.50234375
3 0.38359375 0.68203125 0.0828125 0.4515625
3 0.47578125 0.671875 0.0671875 0.49765625
3 0.56796875 0.66328125 0.071875 0.5171875
3 0.678125 0.65234375 0.090625 0.55390625