6 0.22005206125526017 0.15222980608375086 0.09926591233587008 0.29685506784239585
6 0.5747742775899962 0.1773095347141674 0.14492564191744997 0.35383540818602893
6 0.6930704098039813 0.1748207790599579 0.20651790634542025 0.3496415581199158
6 0.4791716009109739 0.16828309475464717 0.10175599527549455 0.32349945499752564
6 0.38283231425048503 0.1803504047951269 0.10869547603820093 0.2989088907731744
6 0.2907365834877787 0.16022269052534716 0.10551591233587007 0.2971826164629149
3 0.22740571506879165 0.27661565242027775 0.11222724772256534 0.48937011646291484
3 0.3082365636175129 0.30669157677596576 0.13017863955519732 0.5121458751693421
3 0.3860441050873251 0.28935691259704305 0.1299951010806099 0.46222776232447194
3 0.4760961862128511 0.30101370759951745 0.11907744844820485 0.5068851650834338
3 0.5669567991895426 0.31184830902442695 0.12598221287617511 0.5259627137039529
3 0.6757043166127378 0.3240849581653443 0.14922130543444645 0.5661716338757694