6 0.15157611132291648 0.24168884801413867 0.11937347473312525 0.3005522717116217
6 0.5102614335112499 0.22085423304138002 0.16915657560680586 0.36062078453190327
6 0.6224893297877776 0.20418261744944882 0.23002134042444472 0.3603339942090318
6 0.41320459555534705 0.22415470740081686 0.12467922378319471 0.3273330955329393
6 0.32034429511850676 0.24876725558157128 0.13034734232430578 0.30262419396136275
6 0.22434146409645814 0.24038536724456105 0.12565984232430577 0.30240587014004516
3 0.18865592439319415 0.36229460049533807 0.14721145326597265 0.49070639081820955
3 0.27579224848138856 0.381994978493266 0.168069467133681 0.5150899607105858
3 0.3483764165094095 0.35487386042013547 0.16381707180708371 0.4665069114963741
3 0.44143608548736085 0.355297699542934 0.15542399676895863 0.5082577638537389
3 0.5337690558520831 0.35334140136217956 0.163709275454306 0.5289341368892682
3 0.6448520262168053 0.3522583984666955 0.18961846523381992 0.569161030602962